 [319,159]
 [319,159]
 [320,157]
 [320,157]
 [320,157]
 [320,157]
 [318,157]
 [319,158]
 [319,158]
 [318,158]
 [317,158]
 [319,157]
 [319,157]
 [319,157]
 [320,157]
 [320,157]
 [320,157]
 [320,158]
 [320,158]
 [319,156]
 [319,155]
 [386,160]
 [387,160]
 [387,160]
 [319,159]
 [319,159]
 [320,157]
 [320,157]
 [320,157]
 [320,157]
 [318,157]
 [319,158]
 [319,158]
 [318,158]
 [317,158]
 [319,157]
 [319,157]
 [319,157]
 [320,157]
 [320,157]
 [320,157]
 [320,158]
 [319,159]
 [319,159]
 [320,157]
 [320,157]
 [320,157]
 [320,157]
 [318,157]
 [319,158]
 [319,159]
 [319,159]
 [320,157]
 [320,157]
 [320,157]
 [320,157]
 [318,157]
 [319,158]
 [319,158]
 [318,158]
 [317,158]
 [319,157]
 [319,157]
 [319,157]
 [320,157]
 [320,157]
 [320,157]
 [320,158]
 [320,158]
 [319,156]
 [319,155]
 [319,159]
 [319,159]
 [320,157]
 [320,157]
 [320,157]
 [320,157]
 [318,157]
 [319,158]
 [319,158]
 [318,158]
 [317,158]
 [319,157]
 [319,157]
 [319,157]
 [320,157]
 [320,157]
 [320,157]
 [320,158]
 [320,158]
 [319,159]
 [319,159]
 [320,157]
 [320,157]
 [320,157]
 [320,157]
 [318,157]
 [319,158]
 [319,158]
 [318,158]
 [317,158]
 [319,157]
 [319,157]
 [319,157]
 [320,157]
 [320,157]
 [320,157]
 [320,158]
 [320,158]
 [319,156]
 [319,155]
 [414,174]
 [414,173]
 [414,173]
 [413,173]
 [413,172]
 [413,172]
 [413,173]
 [412,173]
 [412,173]
 [412,173]
 [412,174]
 [412,174]
 [412,174]
 [413,174]
 [413,174]
 [413,174]
 [413,175]
 [413,175]
 [414,174]
 [414,173]
 [414,173]
 [413,173]
 [413,172]
 [413,172]
 [413,173]
 [412,173]
 [412,173]
 [412,173]
 [412,174]
 [412,174]
 [412,174]
 [413,174]
 [413,174]
 [413,174]
 [413,175]
 [413,175]
 [414,174]
 [414,173]
 [414,173]
 [413,173]
 [413,172]
 [413,172]
 [413,173]
 [412,173]
 [412,173]
 [412,173]
 [412,174]
 [412,174]
 [414,174]
 [414,173]
 [414,173]
 [413,173]
 [413,172]
 [413,172]
 [413,173]
 [412,173]
 [412,173]
 [412,173]
 [412,174]
 [412,174]
 [412,174]
 [413,174]
 [413,174]
 [413,174]
 [413,175]
 [413,175]
 [412,174]
 [412,174]
 [412,174]
 [413,174]
 [413,174]
 [412,174]
 [413,174]
 [412,174]
 [413,175]
 [413,175]
 [413,174]
 [413,174]
 [413,174]
 [414,175]
 [414,175]
 [413,175]
 [413,175]
 [413,175]
 [413,175]
 [413,174]
 [412,174]
 [415,173]
 [414,174]
 [414,174]
 [414,173]
 [414,173]
 [413,173]
 [413,173]
 [413,173]
 [413,174]
 [412,174]
 [412,174]
 [413,174]
 [413,174]
 [412,174]
 [414,174]
 [414,174]
 [414,175]
 [414,175]
 [414,175]
 [413,175]
 [413,174]
 [413,174]
 [413,174]
 [414,174]
 [413,174]
 [413,175]
 [413,175]
 [413,175]
 [413,175]
 [413,175]
 [414,174]
 [414,175]
 [414,175]
 [414,175]
 [414,176]
 [414,175]
 [414,175]
 [414,175]
 [413,175]
 [413,174]
 [413,175]
 [414,175]
 [413,175]
 [413,174]
 [415,173]
 [414,174]
 [414,174]
 [414,173]
 [414,173]
 [413,173]
 [413,173]
 [413,173]
 [413,174]
 [412,174]
 [412,174]
 [413,174]
 [413,174]
 [412,174]
 [414,174]
 [414,174]
 [415,173]
 [414,174]
 [414,174]
 [414,173]
 [414,173]
 [413,173]
 [413,173]
 [413,173]
 [413,174]
 [412,174]
 [412,174]
 [413,174]
 [413,174]
 [412,174]
 [414,174]
 [414,174]
 [414,175]
 [414,175]
 [414,175]
 [413,175]
 [413,174]
 [413,174]
 [413,174]
 [414,174]
 [413,174]
 [413,175]
 [413,175]
 [413,175]
 [413,175]
 [413,175]
 [414,174]
 [414,175]
 [414,175]
 [414,175]
 [414,176]
 [414,175]
 [414,175]
 [414,175]
 [413,175]
 [413,174]
 [413,175]
 [414,175]
 [413,175]
 [413,174]
 [412,174]
 [412,173]
 [411,172]
 [410,171]
 [409,172]
 [409,172]
 [408,172]
 [407,172]
 [405,172]
 [405,171]
 [403,172]
 [401,171]
 [401,171]
 [400,170]
 [400,170]
 [398,169]
 [397,168]
 [396,169]
 [395,169]
 [391,168]
 [389,169]
 [388,170]
 [388,169]
 [386,171]
 [384,171]
 [384,171]
 [382,170]
 [382,171]
 [379,170]
 [376,171]
 [375,170]
 [374,170]
 [372,170]
 [372,171]
 [366,171]
 [364,171]
 [361,170]
 [360,171]
 [358,173]
 [356,172]
 [354,173]
 [353,172]
 [351,171]
 [349,171]
 [348,172]
 [347,173]
 [347,172]
 [346,172]
 [342,173]
 [341,172]
 [340,173]
 [340,173]
 [337,172]
 [337,171]
 [335,172]
 [335,171]
 [335,171]
 [335,172]
 [334,171]
 [332,171]
 [331,171]
 [330,170]
 [328,171]
 [328,170]
 [327,170]
 [326,170]
 [325,169]
 [325,169]
 [324,169]
 [322,168]
 [317,169]
 [317,169]
 [314,169]
 [312,169]
 [311,169]
 [311,169]
 [308,169]
 [307,170]
 [305,169]
 [304,168]
 [303,169]
 [302,168]
 [300,167]
 [300,166]
 [299,167]
 [298,167]
 [298,167]
 [298,169]
 [297,169]
 [296,169]
 [296,169]
 [297,169]
 [296,168]
 [296,168]
 [292,170]
 [292,169]
 [292,169]
 [292,169]
 [291,169]
 [291,169]
 [291,168]
 [291,169]
 [290,169]
 [289,170]
 [287,170]
 [286,170]
 [285,169]
 [284,169]
 [281,170]
 [280,169]
 [278,168]
 [276,167]
 [276,167]
 [274,167]
 [273,166]
 [272,166]
 [272,166]
 [268,166]
 [267,167]
 [267,167]
 [266,167]
 [263,167]
 [261,167]
 [261,166]
 [261,167]
 [260,167]
 [259,166]
 [259,167]
 [258,166]
 [257,166]
 [257,167]
 [256,166]
 [256,167]
 [256,168]
 [255,168]
 [254,167]
 [254,167]
 [254,167]
 [253,167]
 [253,168]
 [253,168]
 [253,168]
 [253,168]
 [253,168]
 [253,169]
 [253,168]
 [253,169]
 [253,169]
 [254,171]
 [253,170]
 [252,169]
 [252,170]
 [251,170]
 [250,170]
 [251,169]
 [251,170]
 [250,170]
 [250,170]
 [251,170]
 [252,170]
 [252,171]
 [253,171]
 [252,171]
 [252,171]
 [251,171]
 [252,171]
 [252,172]
 [251,172]
 [251,173]
 [251,173]
 [251,173]
 [251,173]
 [251,173]
 [250,174]
 [250,174]
 [249,174]
 [249,175]
 [250,174]
 [250,174]
 [250,174]
 [250,174]
 [251,173]
 [251,173]
 [251,174]
 [252,174]
 [252,174]
 [252,174]
 [253,174]
 [253,173]
 [254,173]
 [255,173]
 [255,174]
 [255,173]
 [255,173]
 [255,172]
 [256,172]
 [256,172]
 [257,172]
 [258,172]
 [259,173]
 [258,172]
 [258,173]
 [256,173]
 [256,173]
 [256,173]
 [256,172]
 [257,173]
 [257,172]
 [258,172]
 [257,172]
 [257,172]
 [257,171]
 [257,170]
 [257,171]
 [257,170]
 [259,170]
 [260,171]
 [260,170]
 [259,170]
 [259,171]
 [259,170]
 [259,170]
 [257,171]
 [257,170]
 [257,170]
 [257,170]
 [256,172]
 [255,172]
 [255,172]
 [255,172]
 [254,172]
 [254,172]
 [254,173]
 [254,173]
 [253,173]
 [253,173]
 [252,173]
 [251,174]
 [251,173]
 [251,173]
 [250,172]
 [250,173]
 [248,173]
 [248,174]
 [255,173]
 [255,173]
 [255,172]
 [255,172]
 [255,173]
 [254,171]
 [254,172]
 [254,171]
 [254,171]
 [254,170]
 [254,170]
 [254,170]
 [254,170]
 [253,170]
 [254,170]
 [254,169]
 [253,169]
 [253,169]
 [253,169]
 [253,170]
 [253,169]
 [253,169]
 [253,169]
 [254,169]
 [253,169]
 [253,169]
 [254,168]
 [253,169]
 [254,169]
 [254,169]
 [254,169]
 [253,168]
 [253,167]
 [253,167]
 [254,167]
 [253,166]
 [253,167]
 [253,167]
 [253,167]
 [252,167]
 [251,167]
 [252,167]
 [251,167]
 [251,167]
 [251,167]
 [251,167]
 [251,168]
 [250,168]
 [251,168]
 [251,167]
 [251,167]
 [250,167]
 [251,167]
 [250,168]
 [251,169]
 [250,168]
 [250,168]
 [250,168]
 [249,168]
 [249,168]
 [250,169]
 [249,169]
 [248,169]
 [248,169]
 [243,170]
 [243,170]
 [243,170]
 [242,170]
 [242,171]
 [240,170]
 [240,171]
 [239,170]
 [239,171]
 [238,171]
 [238,172]
 [238,172]
 [237,173]
 [237,174]
 [237,174]
 [237,174]
 [237,173]
 [237,174]
 [237,174]
 [237,174]
 [237,175]
 [237,175]
 [238,175]
 [237,175]
 [237,175]
 [238,176]
 [238,176]
 [238,176]
 [238,177]
 [238,176]
 [239,175]
 [239,175]
 [239,175]
 [240,176]
 [241,174]
 [241,175]
 [240,175]
 [240,176]
 [240,176]
 [240,176]
 [240,175]
 [241,175]
 [241,175]
 [241,176]
 [241,175]
 [242,175]
 [242,176]
 [242,175]
 [242,175]
 [243,175]
 [243,175]
 [243,174]
 [243,174]
 [247,173]
 [243,174]
 [244,173]
 [244,173]
 [244,174]
 [247,173]
 [247,173]
 [244,173]
 [243,175]
 [243,174]
 [244,174]
 [248,173]
 [247,172]
 [248,172]
 [248,172]
 [248,172]
 [248,172]
 [248,172]
 [248,171]
 [248,172]
 [248,172]
 [249,172]
 [249,172]
 [249,172]
 [250,171]
 [250,171]
 [251,171]
 [251,171]
 [250,171]
 [250,171]
 [249,171]
 [249,171]
 [249,172]
 [249,172]
 [249,172]
 [249,172]
 [249,172]
 [249,173]
 [249,173]
 [249,173]
 [249,173]
 [249,173]
 [249,173]
 [248,173]
 [248,172]
 [248,172]
 [248,172]
 [247,172]
 [247,173]
 [244,174]
 [243,173]
 [243,173]
 [242,174]
 [242,174]
 [242,174]
 [241,174]
 [241,175]
 [241,175]
 [240,176]
 [240,175]
 [239,175]
 [239,175]
 [238,175]
 [238,175]
 [236,174]
 [236,173]
 [235,173]
 [234,173]
 [234,175]
 [234,175]
 [233,175]
 [232,176]
 [231,175]
 [231,175]
 [230,176]
 [228,175]
 [228,176]
 [228,176]
